07a:ATT:01select	Fullname	emptyflux	attenflux	ebeam	Ratio	Ratio By ic1	empty ic1 calflux	emptyDBPM5flux	ic1flux	DBPM5Flux	Energy	u	thickness_byic1	thickness
1	Al1	3570.129466431857	3375.279726357265	505.06	0.9454222201444887	1e-07	-1.13e+09	1.37e+13	1.21e+09	1.3e+13	12.6999	12.980874415014759	4600.69	16.02
2	Al2	3570.129466431857	3188.8102391179546	505.04	0.8931917649207805	1e-07	-1.13e+09	1.37e+13	2.73e+08	1.23e+13	12.6999	12.980874415014759	4600.69	32.24
3	Al3	3570.129466431857	2854.0546716289873	505.01	0.7994260988191708	1e-07	-1.13e+09	1.37e+13	7.41e+08	1.1e+13	12.6999	12.980874415014759	4600.69	63.90
4	Al4	3570.129466431857	2947.727584690128	504.99	0.8256640585183639	0.5863444478170593	-1.13e+09	1.37e+13	-6.63e+08	1.13e+13	12.6999	12.980874415014759	152.38	54.68
5	Al6	3570.129466431857	3485.900646085118	504.96	0.9764073484901036	1e-07	-1.13e+09	1.37e+13	7.41e+08	1.34e+13	12.6999	12.980874415014759	4600.69	6.81
6	Al12	3570.129466431857	3408.866167114046	504.93	0.9548298455744844	1e-07	-1.13e+09	1.37e+13	2.73e+08	1.31e+13	12.6999	12.980874415014759	4600.69	13.19
7	Al18	3570.129466431857	3326.9787461141864	504.91	0.931893024439619	2.6560450418037593	-1.13e+09	1.37e+13	-3e+09	1.28e+13	12.6999	12.980874415014759	-278.83	20.13
8	Al24	3570.129466431857	3327.4153431663435	504.88	0.9320153160977401	1.0004188217343002	-1.13e+09	1.37e+13	-1.13e+09	1.28e+13	12.6999	12.980874415014759	-0.12	20.10
9	Al30	3570.129466431857	3179.5433032050737	504.85	0.8905960786858657	0.17252711991918787	-1.13e+09	1.37e+13	-1.95e+08	1.22e+13	12.6999	12.980874415014759	501.57	33.07
10	Al36	3570.129466431857	3105.684136173707	504.83	0.8699079866360317	0.5865130900980189	-1.13e+09	1.37e+13	-6.63e+08	1.19e+13	12.6999	12.980874415014759	152.30	39.78
11	Al42	3570.129466431857	3032.200930051968	504.80	0.8493252019463826	1e-07	-1.13e+09	1.37e+13	2.73e+08	1.16e+13	12.6999	12.980874415014759	4600.69	46.62
07a:ATT:01select:
['Al1', 'Al2', 'Al3', 'Al4', 'Al6', 'Al12', 'Al18', 'Al24', 'Al30', 'Al36', 'Al42']
[16.019731167359208, 32.24116988142823, 63.89811655172906, 54.68026741248186, 6.814910809879319, 13.19347445832317, 20.133894649136323, 20.096439499496874, 33.071878190926014, 39.78064433897086, 46.61550002740484]
07a:ATT:02select	Fullname	emptyflux	attenflux	ebeam	Ratio	Ratio By ic1	empty ic1 calflux	emptyDBPM5flux	ic1flux	DBPM5Flux	Energy	u	thickness_byic1	thickness
1	Al5	3031.7390271810996	2854.8379919047807	504.75	0.941650309050248	1.6317025044804947	7.41e+08	1.16e+13	1.21e+09	1.1e+13	12.6999	12.980874415014759	-139.76	17.16
2	Al10	3031.7390271810996	2268.667999403452	504.73	0.7483058334057373	0.36842335563502027	7.41e+08	1.16e+13	2.73e+08	8.71e+12	12.6999	12.980874415014759	285.01	82.76
3	Al15	3031.7390271810996	1832.5935968190636	504.70	0.6044694415940552	1e-07	7.41e+08	1.16e+13	-1.13e+09	7.04e+12	12.6999	12.980874415014759	4600.69	143.69
4	Al20	3031.7390271810996	1162.2321812869448	504.67	0.38335495597310176	0.3684648213380716	7.41e+08	1.16e+13	2.73e+08	4.46e+12	12.6999	12.980874415014759	284.98	273.67
5	Al400um	3031.7390271810996	1162.6915108636374	504.64	0.38350646293744617	1e-07	7.41e+08	1.16e+13	-6.63e+08	4.46e+12	12.6999	12.980874415014759	4600.69	273.56
6	Al000um	3031.7390271810996	123.45834490215589	504.62	0.04072195653890006	1e-07	7.41e+08	1.16e+13	-1.6e+09	4.74e+11	12.6999	12.980874415014759	4600.69	913.68
7	undef	3031.7390271810996	-0.017765967798083298	504.59	1e-07	1.0003616794212336	7.41e+08	1.16e+13	7.41e+08	-6.82e+07	12.6999	12.980874415014759	-0.10	4600.69
8	undef	3031.7390271810996	-0.02268097923980682	504.57	1e-07	1e-07	7.41e+08	1.16e+13	-1.95e+08	-8.71e+07	12.6999	12.980874415014759	4600.69	4600.69
9	undef	3031.7390271810996	-0.014365363268660452	504.54	1e-07	0.36855764196873914	7.41e+08	1.16e+13	2.73e+08	-5.51e+07	12.6999	12.980874415014759	284.91	4600.69
10	undef	3031.7390271810996	-0.02570809042197042	504.51	1e-07	1.632478721293694	7.41e+08	1.16e+13	1.21e+09	-9.87e+07	12.6999	12.980874415014759	-139.89	4600.69
11	undef	3031.7390271810996	-0.002268479175091133	504.48	1e-07	0.3686005261364585	7.41e+08	1.16e+13	2.73e+08	-8.71e+06	12.6999	12.980874415014759	284.88	4600.69
07a:ATT:02select:
['Al5', 'Al10', 'Al15', 'Al20', 'Al400um', 'Al000um', 'undef', 'undef', 'undef', 'undef', 'undef']
[17.16080221870089, 82.76041505067298, 143.6898396078324, 273.674629787114, 273.5618438460744, 913.6782471056152, 4600.690170779083, 4600.690170779083, 4600.690170779083, 4600.690170779083, 4600.690170779083]
07a:ATT:03select	Fullname	emptyflux	attenflux	ebeam	Ratio	Ratio By ic1	empty ic1 calflux	emptyDBPM5flux	ic1flux	DBPM5Flux	Energy	u	thickness_byic1	thickness
1	Al200um	3572.1591001669535	1794.9788540345485	504.43	0.5024912955166683	1.0000507502713951	-6.63e+08	1.37e+13	-6.63e+08	6.89e+12	12.6999	12.980874415014759	-0.01	196.43
2	Al400um	3572.1591001669535	902.9804144087054	504.40	0.2527828098044408	1e-07	-6.63e+08	1.37e+13	7.41e+08	3.47e+12	12.6999	12.980874415014759	4600.69	392.54
3	Al500um	3572.1591001669535	664.7263153142056	504.38	0.1860853049023315	1e-07	-6.63e+08	1.37e+13	2.73e+08	2.55e+12	12.6999	12.980874415014759	4600.69	479.98
4	Al600um	3572.1591001669535	454.29677328752706	504.35	0.12717708269665098	1e-07	-6.63e+08	1.37e+13	7.41e+08	1.74e+12	12.6999	12.980874415014759	4600.69	588.62
5	Al800um	3572.1591001669535	228.05279235336022	504.32	0.0638417231591677	0.29424771953708745	-6.63e+08	1.37e+13	-1.95e+08	8.75e+11	12.6999	12.980874415014759	349.18	785.33
6	Al1000um	3572.1591001669535	123.28067167818168	504.29	0.034511528804083744	0.2942660410222458	-6.63e+08	1.37e+13	-1.95e+08	4.73e+11	12.6999	12.980874415014759	349.17	960.91
7	Al1500um	3572.1591001669535	23.039884551134374	504.27	0.006449848370431639	1e-07	-6.63e+08	1.37e+13	2.73e+08	8.84e+10	12.6999	12.980874415014759	4600.69	1439.65
8	Cu150um	3572.1591001669535	-0.006430432137480967	504.24	1e-07	1e-07	-6.63e+08	1.37e+13	2.73e+08	-2.47e+07	12.6999	116.56557883739958	154.32	154.32
9	Pt15um	3572.1591001669535	17.891572747169764	504.21	0.005008615866615112	3.1190171651865204	-6.63e+08	1.37e+13	-2.07e+09	6.86e+10	12.6999	151.7127509625118	-3.50	16.28
10	Au20um	3572.1591001669535	11.966547824761307	504.18	0.003349948165579193	2.412996009706971	-6.63e+08	1.37e+13	-1.6e+09	4.59e+10	12.6999	157.9511831329892	-2.89	18.67
11	Cu100um	3572.1591001669535	0.16192246337879923	504.16	4.5329017784015104e-05	3.8256369112018174	-6.63e+08	1.37e+13	-2.53e+09	6.21e+08	12.6999	116.56557883739958	-12.85	95.76
07a:ATT:03select:
['Al200um', 'Al400um', 'Al500um', 'Al600um', 'Al800um', 'Al1000um', 'Al1500um', 'Cu150um', 'Pt15um', 'Au20um', 'Cu100um']
[196.43071063355256, 392.53907661534265, 479.9754946862272, 588.6196230914126, 785.3347884519992, 960.910534633801, 1439.6548660413505, 154.32468331075023, 16.27599102809025, 18.67472448595558, 95.76119294210197]
07a:ATT:04select	Fullname	emptyflux	attenflux	ebeam	Ratio	Ratio By ic1	empty ic1 calflux	emptyDBPM5flux	ic1flux	DBPM5Flux	Energy	u	thickness_byic1	thickness
1	Kapton1	3571.9449658221206	3508.9438102009885	504.10	0.9823622266793152	1e-07	-6.63e+08	1.37e+13	2.73e+08	1.35e+13	12.6999	1.6159859659922482	70240.53	77.55
2	Kapton2	3571.9449658221206	3451.4118995376057	504.08	0.9662556205546764	1e-07	-6.63e+08	1.37e+13	1.21e+09	1.32e+13	12.6999	1.6159859659922482	70240.53	149.59
3	Kapton3	3571.9449658221206	3392.594537863562	504.05	0.9497891401814251	1.7061169930286941	-6.63e+08	1.37e+13	-1.13e+09	1.3e+13	12.6999	1.6159859659922482	-2328.06	224.50
4	Kapton4	3571.9449658221206	3334.178380698858	504.02	0.933434980830244	1.000216063369065	-6.63e+08	1.37e+13	-6.63e+08	1.28e+13	12.6999	1.6159859659922482	-0.94	300.19
5	undef	3571.9449658221206	3570.6691821027725	503.99	0.9996428322016282	1e-07	-6.63e+08	1.37e+13	7.41e+08	1.37e+13	12.6999	12.980874415014759	4600.69	0.10
6	undef	3571.9449658221206	3569.3889950568923	503.96	0.9992844316500716	1e-07	-6.63e+08	1.37e+13	2.73e+08	1.37e+13	12.6999	12.980874415014759	4600.69	0.20
7	undef	3571.9449658221206	3569.347719679986	503.94	0.9992728762153431	1e-07	-6.63e+08	1.37e+13	7.41e+08	1.37e+13	12.6999	12.980874415014759	4600.69	0.21
8	undef	3571.9449658221206	3570.822842222524	503.91	0.9996858508150787	1e-07	-6.63e+08	1.37e+13	7.41e+08	1.37e+13	12.6999	12.980874415014759	4600.69	0.09
9	undef	3571.9449658221206	3569.968824195873	503.88	0.9994467603378114	0.29431533489948136	-6.63e+08	1.37e+13	-1.95e+08	1.37e+13	12.6999	12.980874415014759	349.12	0.16
10	undef	3571.9449658221206	0.007949626693467382	503.85	2.2255736775154073e-06	0.2943313400886605	-6.63e+08	1.37e+13	-1.95e+08	3.05e+07	12.6999	12.980874415014759	349.10	3715.10
11	undef	3571.9449658221206	-0.01930714441844874	503.83	1e-07	1.0006134764887789	-6.63e+08	1.37e+13	-6.63e+08	-7.4e+07	12.6999	12.980874415014759	-0.18	4600.69
07a:ATT:04select:
['Kapton1', 'Kapton2', 'Kapton3', 'Kapton4', 'undef', 'undef', 'undef', 'undef', 'undef', 'undef', 'undef']
[77.5490121314263, 149.5919342420997, 224.49677569061953, 300.18724553093597, 0.10196687853932955, 0.20432232019169005, 0.2076230421077911, 0.08968368016149088, 0.15795840072836825, 3715.0954485799066, 4600.690170779083]
