07a:ATT:01	Fullname	emptyflux	attenflux	ebeam	Ratio	Ratio By ic1	empty ic1 calflux	emptyDBPM5flux	ic1flux	DBPM5Flux	Energy	u	thickness_byic1	thickness
07a:ATT:01	Fullname	emptyflux	attenflux	ebeam	Ratio	Ratio By ic1	empty ic1 calflux	emptyDBPM5flux	ic1flux	DBPM5Flux	Energy	u	thickness_byic1	thickness
1	Al42	3550.539247236005	3015.408238715459	504.48	0.8492817650341056	1e-07	-6.63e+08	1.36e+13	2.73e+08	1.16e+13	12.6999	12.980874415014759	4600.69	46.63
2	Al36	3550.539247236005	3090.3857724005347	504.43	0.8703989893383979	1e-07	-6.63e+08	1.36e+13	3.08e+09	1.19e+13	12.6999	12.980874415014759	4600.69	39.62
3	Al30	3550.539247236005	3163.223006481545	504.36	0.8909134039129479	1e-07	-6.63e+08	1.36e+13	2.73e+08	1.21e+13	12.6999	12.980874415014759	4600.69	32.97
4	Al24	3550.539247236005	3236.364177939311	504.31	0.9115134216467906	1e-07	-6.63e+08	1.36e+13	7.41e+08	1.24e+13	12.6999	12.980874415014759	4600.69	26.45
5	Al18	3550.539247236005	3308.6115118368593	504.25	0.9318616923929289	1.7068046333894717	-6.63e+08	1.36e+13	-1.13e+09	1.27e+13	12.6999	12.980874415014759	-152.60	20.14
6	Al12	3550.539247236005	3391.077019894751	504.19	0.9550878848993457	0.2943687460201679	-6.63e+08	1.36e+13	-1.95e+08	1.3e+13	12.6999	12.980874415014759	349.07	13.12
7	Al6	3550.539247236005	3470.6788612316013	504.14	0.977507533238346	1e-07	-6.63e+08	1.36e+13	7.41e+08	1.33e+13	12.6999	12.980874415014759	4600.69	6.49
8	Al4	3550.539247236005	2931.271491289071	504.08	0.825584872374241	1.000918292489922	-6.63e+08	1.36e+13	-6.63e+08	1.12e+13	12.6999	12.980874415014759	-0.26	54.71
9	Al3	3550.539247236005	2839.35804519715	504.02	0.7996976930778925	1.001019203160502	-6.63e+08	1.36e+13	-6.63e+08	1.09e+13	12.6999	12.980874415014759	-0.29	63.80
10	Al2	3550.539247236005	3171.2072728877733	503.97	0.8931621514552949	0.29450215543320385	-6.63e+08	1.36e+13	-1.95e+08	1.22e+13	12.6999	12.980874415014759	348.94	32.25
11	Al1	3550.539247236005	3358.6352586765806	503.91	0.9459507485493038	0.29453599428480337	-6.63e+08	1.36e+13	-1.95e+08	1.29e+13	12.6999	12.980874415014759	348.90	15.86
12	Empty	3550.539247236005	3551.3906186830573	503.85	1.0002397865191084	1e-07	-6.63e+08	1.36e+13	7.41e+08	1.36e+13	12.6999	12.980874415014759	4600.69	-0.07
13	Al6	3550.539247236005	3469.1602453010214	503.79	0.9770798190730225	3.829005109946422	-6.63e+08	1.36e+13	-2.53e+09	1.33e+13	12.6999	12.980874415014759	-383.23	6.62
14	Al4	3550.539247236005	2931.7286190020427	503.74	0.8257136211870665	0.29463685562739655	-6.63e+08	1.36e+13	-1.95e+08	1.12e+13	12.6999	12.980874415014759	348.81	54.66
15	Al3	3550.539247236005	2840.8377799393147	503.68	0.8001144564592061	1.0017002909594117	-6.63e+08	1.36e+13	-6.63e+08	1.09e+13	12.6999	12.980874415014759	-0.48	63.65
16	Al2	3550.539247236005	3170.586473775825	503.62	0.8929873050252966	1e-07	-6.63e+08	1.36e+13	2.73e+08	1.22e+13	12.6999	12.980874415014759	4600.69	32.31
17	Al1	3550.539247236005	3357.3662388841335	503.57	0.9455933324769608	1e-07	-6.63e+08	1.36e+13	1.68e+09	1.29e+13	12.6999	12.980874415014759	4600.69	15.97
18	Empty	3550.539247236005	3551.8454448786197	503.51	1.000367887115635	1e-07	-6.63e+08	1.36e+13	2.73e+08	1.36e+13	12.6999	12.980874415014759	4600.69	-0.10
07a:ATT:01:
['Al42', 'Al36', 'Al30', 'Al24', 'Al18', 'Al12', 'Al6', 'Al4', 'Al3', 'Al2', 'Al1', 'Empty', 'Al6', 'Al4', 'Al3', 'Al2', 'Al1', 'Empty']
[46.630098428735295, 39.619580781642874, 32.97019346561046, 26.445379756294844, 20.14349173241786, 13.116346738334725, 6.493471283605173, 54.7076437849461, 63.801159866688835, 32.25063358178089, 15.86020555509132, -0.06843558087197919, 6.618392961972552, 54.663133855755326, 63.65244313717463, 32.30651639088467, 15.968074609228262, -0.10498903958606993]
07a:ATT:02	Fullname	emptyflux	attenflux	ebeam	Ratio	Ratio By ic1	empty ic1 calflux	emptyDBPM5flux	ic1flux	DBPM5Flux	Energy	u	thickness_byic1	thickness
6	Al000um	3550.2565326651625	122.88715546526429	503.39	0.034613598858168546	6.144581375839351	2.73e+08	1.36e+13	1.68e+09	4.71e+11	12.6999	12.980874415014759	-518.23	960.07
7	Al400um	3550.2565326651625	897.3122398486596	503.34	0.2527457471291662	1e-07	2.73e+08	1.36e+13	-6.63e+08	3.44e+12	12.6999	12.980874415014759	4600.69	392.58
8	Al20	3550.2565326651625	1156.9316922709065	503.28	0.3258727028951913	1e-07	2.73e+08	1.36e+13	-6.63e+08	4.43e+12	12.6999	12.980874415014759	4600.69	320.05
9	Al15	3550.2565326651625	1822.6681452373716	503.22	0.5133905475470254	1e-07	2.73e+08	1.36e+13	-6.63e+08	6.98e+12	12.6999	12.980874415014759	4600.69	190.31
10	Al10	3550.2565326651625	2258.3161815501708	503.13	0.6360994369764211	1e-07	2.73e+08	1.36e+13	-1.95e+08	8.65e+12	12.6999	12.980874415014759	4600.69	129.13
11	Al5	3550.2565326651625	2842.2928241879863	503.07	0.8005880132989401	1e-07	2.73e+08	1.36e+13	-6.63e+08	1.09e+13	12.6999	12.980874415014759	4600.69	63.48
12	Empty	3550.2565326651625	3552.0158724988505	503.01	1.000495552875546	1e-07	2.73e+08	1.36e+13	-1.95e+08	1.36e+13	12.6999	12.980874415014759	4600.69	-0.14
13	Al400um	3550.2565326651625	897.8938709927966	502.95	0.25290957504942646	2.71736219316709	2.73e+08	1.36e+13	7.41e+08	3.44e+12	12.6999	12.980874415014759	-285.34	392.40
14	Al20	3550.2565326651625	1156.6665770992054	502.89	0.32579802796134866	1e-07	2.73e+08	1.36e+13	-1.95e+08	4.43e+12	12.6999	12.980874415014759	4600.69	320.11
15	Al15	3550.2565326651625	1822.7704727252744	502.83	0.5134193701087083	2.718001503969337	2.73e+08	1.36e+13	7.41e+08	6.97e+12	12.6999	12.980874415014759	-285.41	190.29
16	Al10	3550.2565326651625	2259.0257997961016	502.77	0.6362993149963336	1.0013994989375936	2.73e+08	1.36e+13	2.73e+08	8.64e+12	12.6999	12.980874415014759	-0.40	129.04
17	Al5	3550.2565326651625	2841.6782131612435	502.71	0.8004148959421836	1e-07	2.73e+08	1.36e+13	-1.13e+09	1.09e+13	12.6999	12.980874415014759	4600.69	63.55
18	Empty	3550.2565326651625	3552.5653146230975	502.64	1.0006503141214422	1e-07	2.73e+08	1.36e+13	-2.07e+09	1.36e+13	12.6999	12.980874415014759	4600.69	-0.19
07a:ATT:02:
['Al000um', 'Al400um', 'Al20', 'Al15', 'Al10', 'Al5', 'Empty', 'Al400um', 'Al20', 'Al15', 'Al10', 'Al5', 'Empty']
[960.0675843364527, 392.5809299750304, 320.0450513052563, 190.30566377597674, 129.1315071276389, 63.483554370071644, -0.14141376113512596, 392.39597219478645, 320.1104675917756, 190.28963937599713, 129.0418301296192, 63.54528315765882, -0.18556294970434747]
07a:ATT:03	Fullname	emptyflux	attenflux	ebeam	Ratio	Ratio By ic1	empty ic1 calflux	emptyDBPM5flux	ic1flux	DBPM5Flux	Energy	u	thickness_byic1	thickness
1	Cu100um	3551.7049392246113	0.13056458964595838	502.53	3.676110259160845e-05	5.799511529798083	-1.95e+08	1.36e+13	-1.13e+09	4.99e+08	12.6999	116.56557883739958	-16.83	97.77
2	Au20um	3551.7049392246113	11.861169020831294	502.47	0.0033395704946764973	1e-07	-1.95e+08	1.36e+13	2.73e+08	4.53e+10	12.6999	157.9511831329892	52.82	18.68
3	Pt15um	3551.7049392246113	17.791073496290412	502.41	0.0050091642748269685	3.4006044231432404	-1.95e+08	1.36e+13	-6.63e+08	6.8e+10	12.6999	151.7127509625118	-3.76	16.28
4	Cu150um	3551.7049392246113	-0.004924273122101379	503.54	1e-07	0.9980544179894623	-1.95e+08	1.36e+13	-1.95e+08	-1.89e+07	12.6999	116.56557883739958	0.02	154.32
5	Al1500um	3551.7049392246113	22.904785588415482	505.04	0.006448955073789415	3.3829426471151915	-1.95e+08	1.36e+13	-6.63e+08	8.8e+10	12.6999	12.980874415014759	-347.87	1439.69
6	Al1000um	3551.7049392246113	122.64177911945882	504.98	0.034530396307704915	1e-07	-1.95e+08	1.36e+13	2.73e+08	4.71e+11	12.6999	12.980874415014759	4600.69	960.75
7	Al800um	3551.7049392246113	227.1477006243294	504.91	0.06395455267574086	5.772217274597211	-1.95e+08	1.36e+13	-1.13e+09	8.73e+11	12.6999	12.980874415014759	-500.39	784.83
8	Al600um	3551.7049392246113	452.04038868351006	504.86	0.12727419546911942	1e-07	-1.95e+08	1.36e+13	7.41e+08	1.74e+12	12.6999	12.980874415014759	4600.69	588.40
9	Al500um	3551.7049392246113	661.7559469538019	504.80	0.18632064269907309	20.107117724112385	-1.95e+08	1.36e+13	-3.94e+09	2.54e+12	12.6999	12.980874415014759	-856.62	479.61
10	Al400um	3551.7049392246113	898.5312635957757	504.74	0.25298589803237936	5.774156232410516	-1.95e+08	1.36e+13	-1.13e+09	3.45e+12	12.6999	12.980874415014759	-500.48	392.31
11	Al200um	3551.7049392246113	1786.1146206686456	504.67	0.5028893591196177	3.385404737713919	-1.95e+08	1.36e+13	-6.63e+08	6.86e+12	12.6999	12.980874415014759	-348.08	196.20
12	Empty	3551.7049392246113	3552.943737073615	504.62	1.000348789629263	0.9959809106632994	-1.95e+08	1.36e+13	-1.95e+08	1.36e+13	12.6999	12.980874415014759	1.15	-0.10
13	Cu50um	3551.7049392246113	21.99598564918957	504.55	0.006193077979611565	1e-07	-1.95e+08	1.36e+13	1.68e+09	8.44e+10	12.6999	116.56557883739958	154.32	48.68
14	Au10um	3551.7049392246113	206.41337213623257	504.49	0.0581167004771786	0.9962300585977221	-1.95e+08	1.36e+13	-1.95e+08	7.92e+11	12.6999	157.9511831329892	0.01	9.32
15	Pt7um	3551.7049392246113	275.2741037065654	504.43	0.07750477824508185	1e-07	-1.95e+08	1.36e+13	7.41e+08	1.06e+12	12.6999	151.7127509625118	49.53	7.86
16	Al1500um	3551.7049392246113	22.94526255789402	504.37	0.006460351563692479	1e-07	-1.95e+08	1.36e+13	1.68e+09	8.81e+10	12.6999	12.980874415014759	4600.69	1439.19
17	Al2000um	3551.7049392246113	4.262496966950275	504.30	0.0012001269924975355	1e-07	-1.95e+08	1.36e+13	1.21e+09	1.64e+10	12.6999	12.980874415014759	4600.69	1919.65
18	Empty	3551.7049392246113	3552.006821663085	504.24	1.0000849964858116	5.779840593149037	-1.95e+08	1.36e+13	-1.13e+09	1.36e+13	12.6999	12.980874415014759	-500.76	-0.02
07a:ATT:03:
['Cu100um', 'Au20um', 'Pt15um', 'Cu150um', 'Al1500um', 'Al1000um', 'Al800um', 'Al600um', 'Al500um', 'Al400um', 'Al200um', 'Empty', 'Cu50um', 'Au10um', 'Pt7um', 'Al1500um', 'Al2000um', 'Empty']
[97.76714441215574, 18.684891779520505, 16.27565458387198, 154.32468331075023, 1439.6944013862062, 960.7545288088146, 784.8307729477136, 588.4017462897928, 479.6147380019158, 392.3098462895187, 196.20468316454478, -0.09953987568786202, 48.68047466210395, 9.32391694317516, 7.85872235039486, 1439.1904280495953, 1919.6529564090076, -0.024260054513550892]
07a:ATT:04	Fullname	emptyflux	attenflux	ebeam	Ratio	Ratio By ic1	empty ic1 calflux	emptyDBPM5flux	ic1flux	DBPM5Flux	Energy	u	thickness_byic1	thickness
8	Kapton4	3552.0727848660767	3317.260199785472	504.12	0.9338942078886884	1e-07	2.73e+08	1.36e+13	-6.63e+08	1.27e+13	12.6999	1.6159859659922482	70240.53	298.04
9	Kapton3	3552.0727848660767	3375.954513105475	504.06	0.9504181692134888	1e-07	2.73e+08	1.36e+13	-6.63e+08	1.29e+13	12.6999	1.6159859659922482	70240.53	221.61
10	Kapton2	3552.0727848660767	3433.526434541856	504.00	0.9666261483071805	1e-07	2.73e+08	1.36e+13	-2.07e+09	1.32e+13	12.6999	1.6159859659922482	70240.53	147.92
11	Kapton1	3552.0727848660767	3492.2072964329873	503.94	0.9831463227082081	1e-07	2.73e+08	1.36e+13	-1.13e+09	1.34e+13	12.6999	1.6159859659922482	70240.53	74.07
12	Empty	3552.0727848660767	3551.8907930021373	503.87	0.9999487646016955	1.000612257332253	2.73e+08	1.36e+13	2.73e+08	1.36e+13	12.6999	12.980874415014759	-0.17	0.01
13	Empty2	3552.0727848660767	3551.31377703814	503.82	0.9997863197423289	1e-07	2.73e+08	1.36e+13	-2.07e+09	1.36e+13	12.6999	12.980874415014759	4600.69	0.06
14	Kapton4	3552.0727848660767	3316.9458399381656	503.76	0.9338057074929066	1e-07	2.73e+08	1.36e+13	-6.63e+08	1.27e+13	12.6999	1.6159859659922482	70240.53	298.46
15	Kapton3	3552.0727848660767	3373.8241987006677	503.69	0.9498184308258397	4.433550107405665	2.73e+08	1.36e+13	1.21e+09	1.29e+13	12.6999	1.6159859659922482	-6489.74	224.36
16	Kapton2	3552.0727848660767	3435.299940564786	503.64	0.9671254359429762	2.7175638109174134	2.73e+08	1.36e+13	7.41e+08	1.32e+13	12.6999	1.6159859659922482	-4356.72	145.67
17	Kapton1	3552.0727848660767	3492.799643302608	503.57	0.9833130836124734	1e-07	2.73e+08	1.36e+13	-6.63e+08	1.34e+13	12.6999	1.6159859659922482	70240.53	73.33
18	Empty	3552.0727848660767	3553.669305651286	503.51	1.0004494617317559	1e-07	2.73e+08	1.36e+13	-1.13e+09	1.36e+13	12.6999	12.980874415014759	4600.69	-0.13
07a:ATT:04:
['Kapton4', 'Kapton3', 'Kapton2', 'Kapton1', 'Empty', 'Empty2', 'Kapton4', 'Kapton3', 'Kapton2', 'Kapton1', 'Empty']
[298.04380884848797, 221.61158987624935, 147.92115325633264, 74.07206244180612, 0.014624819038448686, 0.06099862722307589, 298.4568013634103, 224.3623850261501, 145.6707818288241, 73.33294521734103, -0.12826388732480037]
